Aug 21, 2025  03:58:48 PM
Residual Gas Analyzer Software 
RGA Software Version, 3.218.004

Pressure vs Time Scan Setup:

Active channels in Scan, 1 
Units, Torr
Sample Period, 1.00, sec
Focus Voltage, 90, Volts 
Ion Energy, HIGH 
Electron Energy, 70, eV 
CEM Voltage, 1235, Volts
CEM Gain, 1.03E+003 
Sensitivity Factor, 1.99E-005 
Filament Current, 1.00, mAmps
Start time, Aug 21, 2025  03:58:48 PM 
Channel,  Mass(amu),     Name,                 Cal Factor,  Noise Floor, CEM Status

1         138.00         Barium                1.00         3            OFF


Time(s)      Channel#1   

0.000,   1.2945E-008,  
0.998,   1.1653E-008,  
2.012,   1.4985E-008,  
3.026,   1.2487E-008,  
4.040,   1.1899E-008,  
5.054,   1.4970E-008,  
6.068,   1.6025E-008,  
7.082,   1.1332E-008,  
8.096,   1.1412E-008,  
9.110,   1.4769E-008,  
10.124,   1.5141E-008,  
11.138,   1.3779E-008,  
12.152,   1.0578E-008,  
13.166,   1.5739E-008,  
14.180,   1.5422E-008,  
15.194,   1.0844E-008,  
16.208,   1.1970E-008,  
17.222,   1.4156E-008,  
18.236,   1.4040E-008,  
19.250,   1.3608E-008,  
20.264,   1.3085E-008,  
21.278,   1.4824E-008,  
22.292,   1.5794E-008,  
23.306,   1.1573E-008,  
24.320,   1.3628E-008,  
25.334,   1.4709E-008,  
26.348,   1.5789E-008,  
27.362,   1.5045E-008,  
28.376,   1.3000E-008,  
29.390,   1.4467E-008,  
30.404,   1.2668E-008,  
31.418,   1.2874E-008,  
32.432,   1.1015E-008,  
33.446,   1.3899E-008,  
34.460,   1.5683E-008,  
35.474,   1.3477E-008,  
36.488,   1.1065E-008,  
37.502,   1.5427E-008,  
38.516,   1.4784E-008,  
39.530,   1.2744E-008,  
40.544,   1.3221E-008,  
41.558,   1.5432E-008,  
42.572,   1.6116E-008,  
43.586,   1.4276E-008,  
44.600,   1.3196E-008,  
45.614,   1.4045E-008,  
46.628,   1.5090E-008,  
47.642,   1.2628E-008,  
48.656,   1.2588E-008,  
49.670,   1.3477E-008,  
50.684,   1.3683E-008,  
51.698,   1.4935E-008,  
52.712,   1.3367E-008,  
53.726,   1.2030E-008,  
54.740,   1.5769E-008,  
55.754,   1.3804E-008,  
56.768,   1.3729E-008,  
57.782,   1.3910E-008,  
58.796,   1.3930E-008,  
59.810,   1.4332E-008,  
60.824,   1.4121E-008,  
61.838,   1.2980E-008,  
62.852,   1.5799E-008,  
63.866,   1.6452E-008,  
64.880,   1.3854E-008,  
65.894,   1.2020E-008,  
66.908,   1.5980E-008,  
67.922,   1.4357E-008,  
68.936,   1.4965E-008,  
69.950,   1.4236E-008,  
70.964,   1.6337E-008,  
71.979,   1.7136E-008,  
72.993,   1.4553E-008,  
74.007,   1.1668E-008,  
75.021,   1.6563E-008,  
76.035,   1.5201E-008,  
77.049,   1.5080E-008,  
78.063,   1.3085E-008,  
79.077,   1.4879E-008,  
80.091,   1.5553E-008,  
81.105,   1.2940E-008,  
82.119,   1.4322E-008,  
83.133,   1.3854E-008,  
84.147,   1.7472E-008,  
85.161,   1.5859E-008,  
86.175,   1.5136E-008,  
87.189,   1.2869E-008,  
88.203,   1.7307E-008,  
89.217,   1.5970E-008,  
90.231,   1.3879E-008,  
91.245,   1.3925E-008,  
92.259,   1.5970E-008,  
93.273,   1.5492E-008,  
94.287,   1.5392E-008,  
95.301,   1.2955E-008,  
96.315,   1.6080E-008,  
97.329,   1.5015E-008,  
98.343,   1.3940E-008,  
99.357,   1.4548E-008,  
100.371,   1.7990E-008,  
101.385,   1.6116E-008,  
102.399,   1.7503E-008,  
103.413,   1.3688E-008,  
104.427,   1.4884E-008,  
105.441,   1.6970E-008,  
106.455,   1.4357E-008,  
107.469,   1.3980E-008,  
108.483,   1.5628E-008,  
109.497,   1.6327E-008,  
110.511,   1.6412E-008,  
111.525,   1.3106E-008,  
112.539,   1.4422E-008,  
113.553,   1.7196E-008,  
114.567,   1.7653E-008,  
115.581,   1.4839E-008,  
116.595,   1.7261E-008,  
117.609,   1.7090E-008,  
118.623,   1.4528E-008,  
119.637,   1.5648E-008,  
120.651,   1.5387E-008,  
121.665,   1.6789E-008,  
122.679,   1.6859E-008,  
123.693,   1.4960E-008,  
124.707,   1.4940E-008,  
125.721,   1.5688E-008,  
126.735,   1.4387E-008,  
127.749,   1.5392E-008,  
128.763,   1.5085E-008,  
129.777,   1.5457E-008,  
130.791,   1.7211E-008,  
131.805,   1.5060E-008,  
132.819,   1.5020E-008,  
133.833,   1.7879E-008,  
134.847,   1.4874E-008,  
135.861,   1.5714E-008,  
136.875,   1.5749E-008,  
137.889,   1.6171E-008,  
138.903,   1.7477E-008,  
139.917,   1.6156E-008,  
140.931,   1.4588E-008,  
141.945,   1.7533E-008,  
142.959,   1.5457E-008,  
143.973,   1.5955E-008,  
144.987,   1.5462E-008,  
146.001,   1.5729E-008,  
147.015,   1.7407E-008,  
148.029,   1.6829E-008,  
149.043,   1.4739E-008,  
150.057,   1.6296E-008,  
151.071,   1.7543E-008,  
152.085,   1.5342E-008,  
153.099,   1.4874E-008,  
154.113,   1.5668E-008,  
155.127,   1.8337E-008,  
156.141,   1.7372E-008,  
157.155,   1.5563E-008,  
158.169,   1.5859E-008,  
159.183,   1.6206E-008,  
160.197,   1.5663E-008,  
161.211,   1.4568E-008,  
162.225,   1.5447E-008,  
163.239,   1.6151E-008,  
164.269,   1.8146E-008,  
165.267,   1.6613E-008,  
166.281,   1.5095E-008,  
167.295,   1.6724E-008,  
168.309,   1.7598E-008,  
169.323,   1.6241E-008,  
170.337,   1.6774E-008,  
171.351,   1.6804E-008,  
172.365,   1.5955E-008,  
173.379,   1.5161E-008,  
174.393,   1.5377E-008,  
175.407,   1.7131E-008,  
176.421,   1.8090E-008,  
177.435,   1.6568E-008,  
178.449,   1.5663E-008,  
179.463,   1.5508E-008,  
180.477,   1.7136E-008,  
181.491,   1.8658E-008,  
182.505,   1.5136E-008,  
183.519,   1.6085E-008,  
184.533,   1.9588E-008,  
185.547,   1.6246E-008,  
186.561,   1.5176E-008,  
187.575,   1.6332E-008,  
188.589,   1.7357E-008,  
189.603,   1.8970E-008,  
190.617,   1.6166E-008,  
191.631,   1.4296E-008,  
192.645,   1.8226E-008,  
193.659,   1.9060E-008,  
194.673,   1.7322E-008,  
195.687,   1.4653E-008,  
196.701,   1.6281E-008,  
197.715,   1.8794E-008,  
198.729,   1.6879E-008,  
199.743,   1.5327E-008,  
200.757,   1.7302E-008,  
201.771,   1.9658E-008,  
202.785,   1.6251E-008,  
203.799,   1.7985E-008,  
204.813,   1.6131E-008,  
205.827,   1.8593E-008,  
206.841,   1.6457E-008,  
207.855,   1.5709E-008,  
208.869,   1.7482E-008,  
209.883,   1.7352E-008,  
210.897,   1.4864E-008,  
211.911,   1.5116E-008,  
212.925,   1.6010E-008,  
213.939,   1.8025E-008,  
214.953,   1.7608E-008,  
215.967,   1.5090E-008,  
216.981,   1.5930E-008,  
217.995,   1.9628E-008,  
219.009,   1.9427E-008,  
220.023,   1.7166E-008,  
221.037,   1.7442E-008,  
222.051,   1.6492E-008,  
223.065,   1.8905E-008,  
224.079,   1.9206E-008,  
225.093,   1.5342E-008,  
226.107,   1.9000E-008,  
227.121,   1.9467E-008,  
228.136,   1.5347E-008,  
229.150,   1.5201E-008,  
230.164,   1.6583E-008,  
231.178,   1.9553E-008,  
232.192,   1.8739E-008,  
233.206,   1.8005E-008,  
234.220,   1.7010E-008,  
235.234,   2.0492E-008,  
236.248,   1.6588E-008,  
237.262,   1.8759E-008,  
238.276,   1.8618E-008,  
239.290,   1.9960E-008,  
240.304,   1.7322E-008,  
241.318,   1.7322E-008,  
242.332,   1.7126E-008,  
243.346,   1.8276E-008,  
244.360,   1.8407E-008,  
245.374,   1.6357E-008,  
246.388,   1.8397E-008,  
247.402,   1.7719E-008,  
248.416,   1.9126E-008,  
249.430,   1.8920E-008,  
250.444,   1.7111E-008,  
251.458,   1.9543E-008,  
252.472,   2.0739E-008,  
253.486,   1.7302E-008,  
254.500,   1.6648E-008,  
255.514,   1.6015E-008,  
256.528,   1.9970E-008,  
257.542,   1.7789E-008,  
258.571,   1.7633E-008,  
259.570,   1.6106E-008,  
260.584,   2.0729E-008,  
261.598,   1.7327E-008,  
262.612,   1.4714E-008,  
263.626,   1.6312E-008,  
264.640,   1.5769E-008,  
265.654,   1.8337E-008,  
266.668,   1.5960E-008,  
267.682,   1.5593E-008,  
268.696,   1.7648E-008,  
269.710,   1.6985E-008,  
270.724,   1.7266E-008,  
271.738,   1.6106E-008,  
272.752,   1.7749E-008,  
273.766,   1.8915E-008,  
274.780,   1.7171E-008,  
275.794,   1.5000E-008,  
276.808,   1.9648E-008,  
277.822,   1.8156E-008,  
278.836,   1.6372E-008,  
279.850,   1.5312E-008,  
280.864,   1.6889E-008,  
281.878,   1.9427E-008,  
282.892,   1.8774E-008,  
283.906,   1.5915E-008,  
284.920,   1.6141E-008,  
285.934,   1.9020E-008,  
286.963,   1.7261E-008,  
287.962,   1.7055E-008,  
288.976,   1.6568E-008,  
289.990,   1.6015E-008,  
291.004,   1.8221E-008,  
292.018,   1.5417E-008,  
293.032,   1.5241E-008,  
294.046,   1.8729E-008,  
295.060,   1.7533E-008,  
296.074,   1.7095E-008,  
297.088,   1.8930E-008,  
298.102,   1.8221E-008,  
299.116,   1.8025E-008,  
300.130,   1.7080E-008,  
301.144,   1.7945E-008,  
302.158,   1.6171E-008,  
303.172,   1.9608E-008,  
304.186,   1.5211E-008,  
305.200,   1.5327E-008,  
306.214,   1.7608E-008,  
307.228,   1.6884E-008,  
308.242,   1.7960E-008,  
309.256,   1.5412E-008,  
310.270,   1.4276E-008,  
311.284,   1.9246E-008,  
312.298,   1.8678E-008,  
313.312,   1.6141E-008,  
314.326,   1.8216E-008,  
315.340,   1.7508E-008,  
316.354,   1.7799E-008,  
317.368,   1.7879E-008,  
318.382,   1.4849E-008,  
319.396,   2.0638E-008,  
320.410,   1.9181E-008,  
321.424,   1.6246E-008,  
322.438,   1.5583E-008,  
323.452,   1.6492E-008,  
324.466,   1.6231E-008,  
325.480,   1.7789E-008,  
326.494,   1.7116E-008,  
327.508,   1.6357E-008,  
328.522,   1.7874E-008,  
329.536,   1.5442E-008,  
330.550,   1.4905E-008,  
331.564,   1.8598E-008,  
332.578,   1.8704E-008,  
333.592,   1.6397E-008,  
334.606,   1.4196E-008,  
335.620,   1.7724E-008,  
336.634,   1.9196E-008,  
337.648,   1.8613E-008,  
338.662,   1.4819E-008,  
339.676,   1.6085E-008,  
340.690,   1.8352E-008,  
341.704,   1.7477E-008,  
342.718,   1.6317E-008,  
343.732,   1.6734E-008,  
344.746,   1.8472E-008,  
345.760,   1.7930E-008,  
346.774,   1.4688E-008,  
347.788,   1.5568E-008,  
348.802,   1.8342E-008,  
349.816,   1.5608E-008,  
350.830,   1.4935E-008,  
351.844,   1.7794E-008,  
352.858,   1.8729E-008,  
353.872,   1.6668E-008,  
354.886,   1.5698E-008,  
355.900,   1.6291E-008,  
356.914,   1.7226E-008,  
357.928,   1.7844E-008,  
358.942,   1.5638E-008,  
359.956,   1.7729E-008,  
360.970,   1.8598E-008,  
361.984,   1.7181E-008,  
362.998,   1.5543E-008,  
364.012,   1.6854E-008,  
365.026,   1.8111E-008,  
366.040,   1.7487E-008,  
367.054,   1.3548E-008,  
368.068,   1.6040E-008,  
369.082,   1.8181E-008,  
370.096,   1.6538E-008,  
371.110,   1.5085E-008,  
372.124,   1.5372E-008,  
373.138,   1.6518E-008,  
374.152,   1.5975E-008,  
375.166,   1.5704E-008,  
376.180,   1.5362E-008,  
377.194,   1.9513E-008,  
378.208,   1.9734E-008,  
379.222,   1.6176E-008,  
380.236,   1.7432E-008,  
381.250,   1.7869E-008,  
382.264,   1.6548E-008,  
383.278,   1.6146E-008,  
384.293,   1.5925E-008,  
385.307,   1.7322E-008,  
386.321,   1.7382E-008,  
387.335,   1.5704E-008,  
388.349,   1.6196E-008,  
389.363,   1.7412E-008,  
390.377,   1.6749E-008,  
391.391,   1.4754E-008,  
392.405,   1.8050E-008,  
393.419,   1.7342E-008,  
394.433,   1.7769E-008,  
395.447,   1.4327E-008,  
396.461,   1.6010E-008,  
397.475,   1.6824E-008,  
398.489,   1.8442E-008,  
399.503,   1.3859E-008,  
400.517,   1.7141E-008,  
401.531,   1.5935E-008,  
402.545,   1.7357E-008,  
403.559,   1.5523E-008,  
404.573,   1.4698E-008,  
405.587,   1.6533E-008,  
406.601,   1.6643E-008,  
407.615,   1.5402E-008,  
408.629,   1.5859E-008,  
409.643,   1.6965E-008,  
410.657,   1.6387E-008,  
411.671,   1.7040E-008,  
412.685,   1.5010E-008,  
413.699,   1.5980E-008,  
414.713,   1.7166E-008,  
415.727,   1.5060E-008,  
416.741,   1.5568E-008,  
417.755,   1.7407E-008,  
418.769,   1.9286E-008,  
419.783,   1.5744E-008,  
420.797,   1.5452E-008,  
421.811,   1.6588E-008,  
422.825,   1.6945E-008,  
423.839,   1.7633E-008,  
424.853,   1.6950E-008,  
425.867,   1.6774E-008,  
426.881,   1.7955E-008,  
427.895,   1.4764E-008,  
428.909,   1.6759E-008,  
429.923,   1.6111E-008,  
430.937,   1.7171E-008,  
431.951,   1.5784E-008,  
432.965,   1.5739E-008,  
433.979,   1.6739E-008,  
434.993,   1.8658E-008,  
436.007,   1.5543E-008,  
437.021,   1.4558E-008,  
438.050,   1.5166E-008,  
439.049,   1.7568E-008,  
440.063,   1.5382E-008,  
441.077,   1.4538E-008,  
442.091,   1.6236E-008,  
443.105,   1.6749E-008,  
444.119,   1.7171E-008,  
445.133,   1.3794E-008,  
446.147,   1.6030E-008,  
447.161,   1.7166E-008,  
448.175,   1.4673E-008,  
449.189,   1.4573E-008,  
450.203,   1.5729E-008,  
451.217,   1.6045E-008,  
452.231,   1.5106E-008,  
453.245,   1.4905E-008,  
454.259,   1.7965E-008,  
455.273,   1.7784E-008,  
456.287,   1.6769E-008,  
457.301,   1.5724E-008,  
458.315,   1.6317E-008,  
459.329,   1.6975E-008,  
460.343,   1.6347E-008,  
461.357,   1.4070E-008,  
462.371,   1.4633E-008,  
463.385,   1.4980E-008,  
464.399,   1.6955E-008,  
465.413,   1.4809E-008,  
466.427,   1.8015E-008,  
467.441,   1.6714E-008,  
468.455,   1.5824E-008,  
469.469,   1.4377E-008,  
470.483,   1.6151E-008,  
471.497,   1.6819E-008,  
472.511,   1.6889E-008,  
473.525,   1.4101E-008,  
474.539,   1.7704E-008,  
475.569,   1.7090E-008,  
476.567,   1.5869E-008,  
477.581,   1.5040E-008,  
478.595,   1.7598E-008,  
479.609,   1.6276E-008,  
480.623,   1.7412E-008,  
481.637,   1.5799E-008,  
482.651,   1.7116E-008,  
483.665,   1.7915E-008,  
484.679,   1.2920E-008,  
485.693,   1.5648E-008,  
486.707,   1.6598E-008,  
487.721,   1.8965E-008,  
488.735,   1.5683E-008,  
489.749,   1.7683E-008,  
490.763,   1.7362E-008,  
491.777,   1.8377E-008,  
492.791,   1.6337E-008,  
493.805,   1.4985E-008,  
494.819,   1.5126E-008,  
495.833,   1.7342E-008,  
496.847,   1.5432E-008,  
497.861,   1.3628E-008,  
498.875,   1.7568E-008,  
499.889,   1.5905E-008,  
500.903,   1.3307E-008,  
501.917,   1.5075E-008,  
502.931,   1.7080E-008,  
503.945,   1.5874E-008,  
504.959,   1.6472E-008,  
505.973,   1.4317E-008,  
506.987,   1.8910E-008,  
508.001,   1.5025E-008,  
509.015,   1.6437E-008,  
510.029,   1.3427E-008,  
511.043,   1.6834E-008,  
512.057,   1.5402E-008,  
513.071,   1.4397E-008,  
514.085,   1.5950E-008,  
515.099,   1.5915E-008,  
516.113,   1.4930E-008,  
517.127,   1.5015E-008,  
518.141,   1.4317E-008,  
519.155,   1.6538E-008,  
520.169,   1.6698E-008,  
521.183,   1.4864E-008,  
522.197,   1.5191E-008,  
523.211,   1.7035E-008,  
524.225,   1.5070E-008,  
525.239,   1.5101E-008,  
526.253,   1.5462E-008,  
527.267,   1.6628E-008,  
528.281,   1.6090E-008,  
529.295,   1.3136E-008,  
530.309,   1.4558E-008,  
531.323,   1.4724E-008,  
532.337,   1.5000E-008,  
533.351,   1.5141E-008,  
534.365,   1.4799E-008,  
535.379,   1.6000E-008,  
536.393,   1.7256E-008,  
537.407,   1.4985E-008,  
538.421,   1.3749E-008,  
539.435,   1.6920E-008,  
540.450,   1.5915E-008,  
541.464,   1.3146E-008,  
542.478,   1.4513E-008,  
543.492,   1.5894E-008,  
544.506,   1.5005E-008,  
545.520,   1.5462E-008,  
546.534,   1.3593E-008,  
547.548,   1.6588E-008,  
548.562,   1.6688E-008,  
549.576,   1.2462E-008,  
550.590,   1.5844E-008,  
551.604,   1.4467E-008,  
552.618,   1.4940E-008,  
553.632,   1.4613E-008,  
554.646,   1.6146E-008,  
555.660,   1.4573E-008,  
556.674,   1.4729E-008,  
557.688,   1.5467E-008,  
558.702,   1.5417E-008,  
559.716,   1.5241E-008,  
560.730,   1.5734E-008,  
561.744,   1.2437E-008,  
562.758,   1.4789E-008,  
563.772,   1.5447E-008,  
564.786,   1.5266E-008,  
565.800,   1.3578E-008,  
566.814,   1.3266E-008,  
567.828,   1.5342E-008,  
568.842,   1.6266E-008,  
569.856,   1.3668E-008,  
570.870,   1.6759E-008,  
571.884,   1.5859E-008,  
572.898,   1.4377E-008,  
573.912,   1.4030E-008,  
574.926,   1.5482E-008,  
575.940,   1.6899E-008,  
576.954,   1.7101E-008,  
577.968,   1.1693E-008,  
578.982,   1.4663E-008,  
579.996,   1.3678E-008,  
581.010,   1.4085E-008,  
582.024,   1.1945E-008,  
583.038,   1.4035E-008,  
584.052,   1.4889E-008,  
585.066,   1.6286E-008,  
586.080,   1.4216E-008,  
587.094,   1.4528E-008,  
588.108,   1.5442E-008,  
589.122,   1.5884E-008,  
590.136,   1.2719E-008,  
591.150,   1.5563E-008,  
592.164,   1.7010E-008,  
593.178,   1.4467E-008,  
594.192,   1.4693E-008,  
595.206,   1.4407E-008,  
596.220,   1.6648E-008,  
597.234,   1.5950E-008,  
598.248,   1.2216E-008,  
599.262,   1.3407E-008,  
600.276,   1.5111E-008,  
601.290,   1.5744E-008,  
602.304,   1.3603E-008,  
603.318,   1.4603E-008,  
604.332,   1.5302E-008,  
605.346,   1.3889E-008,  
606.360,   1.1915E-008,  
607.374,   1.3809E-008,  
608.388,   1.5719E-008,  
609.402,   1.6196E-008,  
610.416,   1.5015E-008,  
611.430,   1.4799E-008,  
612.444,   1.5397E-008,  
613.458,   1.5452E-008,  
614.472,   1.4965E-008,  
615.486,   1.4327E-008,  
616.500,   1.5241E-008,  
617.514,   1.4975E-008,  
618.528,   1.3035E-008,  
619.542,   1.3945E-008,  
620.556,   1.6779E-008,  
621.570,   1.4784E-008,  
622.584,   1.3352E-008,  
623.598,   1.5337E-008,  
624.628,   1.4171E-008,  
625.626,   1.5663E-008,  
626.640,   1.2487E-008,  
627.654,   1.3980E-008,  
628.668,   1.4633E-008,  
629.682,   1.3859E-008,  
630.696,   1.4216E-008,  
631.710,   1.3302E-008,  
632.724,   1.4090E-008,  
633.738,   1.5121E-008,  
634.752,   1.2734E-008,  
635.766,   1.4221E-008,  
636.780,   1.3804E-008,  
637.794,   1.6477E-008,  
638.808,   1.4352E-008,  
639.822,   1.5181E-008,  
640.836,   1.6156E-008,  
641.850,   1.5010E-008,  
642.864,   1.5467E-008,  
643.878,   1.6106E-008,  
644.892,   1.4769E-008,  
645.906,   1.6085E-008,  
646.920,   1.3829E-008,  
647.934,   1.3809E-008,  
648.948,   1.5040E-008,  
649.962,   1.2553E-008,  
650.976,   1.3347E-008,  
651.990,   1.4226E-008,  
653.004,   1.2930E-008,  
654.018,   1.3010E-008,  
655.032,   1.3497E-008,  
656.046,   1.3151E-008,  
657.060,   1.5322E-008,  
658.074,   1.4181E-008,  
659.088,   1.2126E-008,  
660.102,   1.4764E-008,  
661.116,   1.3281E-008,  
662.130,   1.6427E-008,  
663.144,   1.4578E-008,  
664.158,   1.3563E-008,  
665.172,   1.5030E-008,  
666.186,   1.5000E-008,  
667.200,   1.3462E-008,  
668.214,   1.4452E-008,  
669.228,   1.5161E-008,  
670.242,   1.3467E-008,  
671.256,   1.3266E-008,  
672.270,   1.4503E-008,  
673.284,   1.4558E-008,  
674.298,   1.5281E-008,  
675.312,   1.2317E-008,  
676.326,   1.3171E-008,  
677.340,   1.3839E-008,  
678.354,   1.4472E-008,  
679.368,   1.3568E-008,  
680.382,   1.5327E-008,  
681.396,   1.5462E-008,  
682.410,   1.5583E-008,  
683.424,   1.3101E-008,  
684.438,   1.4040E-008,  
685.452,   1.8814E-008,  
686.466,   1.9693E-008,  
687.480,   3.4965E-008,  
688.494,   1.3426E-007,  
689.508,   2.7697E-007,  
690.522,   3.7879E-007,  
691.536,   4.1823E-007,  
692.566,   3.7965E-007,  
693.564,   3.3407E-007,  
694.578,   2.6855E-007,  
695.592,   2.0860E-007,  
696.607,   1.6010E-007,  
697.621,   1.2993E-007,  
698.635,   1.0565E-007,  
699.649,   8.9819E-008,  
700.663,   7.6397E-008,  
701.677,   7.1508E-008,  
702.691,   6.5015E-008,  
703.705,   5.7930E-008,  
704.719,   5.3377E-008,  
705.733,   5.1935E-008,  
706.747,   4.8688E-008,  
707.761,   4.2940E-008,  
708.775,   4.3899E-008,  
709.789,   4.0266E-008,  
710.803,   3.9849E-008,  
711.817,   3.7397E-008,  
712.831,   3.5075E-008,  
713.845,   3.8658E-008,  
714.859,   3.7724E-008,  
715.873,   3.4744E-008,  
716.887,   3.2101E-008,  
717.901,   3.3809E-008,  
718.915,   3.3497E-008,  
719.929,   3.2482E-008,  
720.943,   3.3397E-008,  
721.957,   3.2065E-008,  
722.971,   3.3623E-008,  
723.985,   2.9035E-008,  
724.999,   2.8704E-008,  
726.013,   3.0849E-008,  
727.027,   3.0899E-008,  
728.041,   2.9271E-008,  
729.055,   2.9141E-008,  
730.069,   2.7558E-008,  
731.083,   3.0573E-008,  
732.097,   3.0342E-008,  
733.111,   2.6809E-008,  
734.125,   2.8528E-008,  
735.139,   2.9899E-008,  
736.153,   2.6633E-008,  
737.167,   2.7221E-008,  
738.181,   2.7015E-008,  
739.195,   2.6945E-008,  
740.209,   2.6754E-008,  
741.223,   2.5045E-008,  
742.237,   2.7111E-008,  
743.251,   2.7784E-008,  
744.265,   2.5688E-008,  
745.279,   2.4131E-008,  
746.293,   2.6523E-008,  
747.307,   2.3106E-008,  
748.321,   2.5352E-008,  
749.335,   2.5126E-008,  
750.349,   2.5186E-008,  
751.363,   2.5724E-008,  
752.377,   2.2643E-008,  
753.391,   2.1925E-008,  
754.405,   2.4960E-008,  
755.419,   2.5734E-008,  
756.433,   2.3749E-008,  
757.447,   2.2799E-008,  
758.461,   2.4362E-008,  
759.475,   2.5090E-008,  
760.489,   2.4693E-008,  
761.503,   2.2317E-008,  
762.517,   2.3894E-008,  
763.531,   2.4312E-008,  
764.545,   2.3432E-008,  
765.559,   2.1789E-008,  
766.698,   2.4518E-008,  
767.712,   2.2055E-008,  
768.726,   2.2382E-008,  
769.787,   2.1794E-008,  
770.754,   2.0844E-008,  
771.768,   2.0658E-008,  
772.782,   2.0397E-008,  
773.796,   2.0332E-008,  
774.810,   2.3191E-008,  
775.824,   2.1874E-008,  
776.838,   1.8965E-008,  
777.852,   2.0397E-008,  
778.866,   2.1296E-008,  
779.880,   2.0302E-008,  
780.894,   1.9749E-008,  
781.908,   2.0513E-008,  
782.922,   2.2658E-008,  
783.936,   1.8889E-008,  
784.950,   1.7799E-008,  
785.964,   1.8518E-008,  
786.978,   1.9231E-008,  
787.992,   1.9121E-008,  
789.006,   1.6075E-008,  
790.020,   1.8020E-008,  
791.034,   1.8945E-008,  
792.048,   1.8673E-008,  
793.062,   1.6588E-008,  
794.076,   1.8372E-008,  
795.090,   1.8643E-008,  
796.104,   1.7799E-008,  
797.118,   1.5623E-008,  
798.132,   1.6166E-008,  
799.146,   1.8121E-008,  
800.160,   1.8628E-008,  
801.174,   1.5261E-008,  
802.188,   1.7472E-008,  
803.202,   1.7945E-008,  
804.216,   1.6668E-008,  
805.230,   1.7005E-008,  
806.244,   1.6005E-008,  
807.258,   1.7719E-008,  
808.272,   1.6382E-008,  
809.286,   1.6367E-008,  
810.300,   1.4673E-008,  
811.314,   1.7226E-008,  
812.328,   1.7291E-008,  
813.342,   1.4884E-008,  
814.356,   1.3573E-008,  
815.370,   1.5397E-008,  
816.384,   1.6588E-008,  
817.398,   1.2709E-008,  
818.412,   1.2327E-008,  
819.426,   1.6814E-008,  
820.440,   1.8281E-008,  
821.454,   1.5447E-008,  
822.468,   1.3412E-008,  
823.482,   1.5005E-008,  
824.496,   1.6191E-008,  
825.510,   1.6352E-008,  
826.524,   1.3035E-008,  
827.538,   1.5568E-008,  
828.552,   1.6302E-008,  
829.566,   1.3879E-008,  
830.580,   1.2910E-008,  
831.594,   1.4764E-008,  
832.608,   1.4774E-008,  
833.622,   1.4613E-008,  
834.636,   1.2317E-008,  
835.650,   1.3231E-008,  
836.664,   1.3553E-008,  
837.678,   1.4387E-008,  
838.692,   1.3940E-008,  
839.706,   1.3693E-008,  
840.720,   1.3322E-008,  
841.734,   1.4367E-008,  
842.748,   1.1874E-008,  
843.762,   1.3945E-008,  
844.776,   1.4337E-008,  
845.790,   1.5256E-008,  
846.804,   1.3156E-008,  
847.818,   1.2633E-008,  
848.832,   1.2683E-008,  
849.846,   1.3799E-008,  
850.860,   1.2814E-008,  
851.874,   1.0573E-008,  
852.888,   1.4342E-008,  
853.902,   1.3749E-008,  
854.916,   1.1226E-008,  
855.930,   1.0588E-008,  
856.944,   1.3698E-008,  
857.958,   1.4985E-008,  
858.972,   1.3503E-008,  
859.986,   1.0090E-008,  
861.000,   1.0412E-008,  
862.014,   1.3503E-008,  
863.028,   1.1950E-008,  
864.042,   1.2533E-008,  
865.056,   1.3905E-008,  
866.070,   1.4447E-008,  
867.084,   1.4774E-008,  
868.098,   1.1171E-008,  
869.112,   1.2075E-008,  
870.126,   1.4905E-008,  
871.140,   1.4090E-008,  
872.154,   1.1286E-008,  
873.168,   1.2819E-008,  
874.182,   1.5040E-008,  
875.196,   1.3573E-008,  
876.210,   1.1910E-008,  
877.224,   1.1990E-008,  
878.238,   1.2754E-008,  
879.252,   1.3070E-008,  
880.266,   1.1040E-008,  
881.280,   1.2221E-008,  
882.294,   1.4296E-008,  
883.309,   1.1392E-008,  
884.323,   1.1910E-008,  
885.337,   1.2005E-008,  
886.351,   1.3809E-008,  
887.365,   1.4472E-008,  
888.379,   1.1407E-008,  
889.393,   1.2839E-008,  
890.407,   1.3497E-008,  
891.421,   1.5136E-008,  
892.435,   1.2683E-008,  
893.449,   1.3276E-008,  
894.463,   1.3231E-008,  
895.477,   1.3276E-008,  
896.491,   1.2940E-008,  
897.505,   1.1171E-008,  
898.519,   1.4804E-008,  
899.533,   1.3804E-008,  
900.547,   1.1045E-008,  
901.561,   1.0930E-008,  
902.575,   1.1633E-008,  
903.589,   1.3965E-008,  
904.603,   1.1628E-008,  
905.617,   1.1427E-008,  
906.631,   1.0955E-008,  
907.645,   1.3729E-008,  
908.659,   1.0558E-008,  
909.673,   1.1638E-008,  
910.687,   1.2563E-008,  
911.701,   1.3950E-008,  
912.715,   1.3920E-008,  
913.729,   1.2296E-008,  
914.743,   1.1965E-008,  
915.757,   1.5357E-008,  
916.771,   1.2889E-008,  
917.785,   1.2156E-008,  
918.799,   1.2161E-008,  
919.813,   1.2879E-008,  
920.827,   9.9598E-009,  
921.841,   1.1834E-008,  
922.855,   1.1864E-008,  
923.869,   1.2482E-008,  
924.883,   1.3397E-008,  
925.897,   9.1106E-009,  
926.911,   1.1156E-008,  
927.925,   1.2568E-008,  
928.939,   1.2085E-008,  
929.953,   1.1558E-008,  
930.967,   1.2291E-008,  
931.981,   1.1060E-008,  
932.995,   1.2608E-008,  
934.009,   1.2030E-008,  
935.023,   9.4925E-009,  
936.037,   1.2472E-008,  
937.051,   1.1759E-008,  
938.065,   1.0452E-008,  
939.079,   1.2884E-008,  
940.093,   1.2899E-008,  
941.107,   1.1704E-008,  
942.121,   1.0970E-008,  
943.135,   9.9548E-009,  
944.149,   1.2965E-008,  
945.163,   1.2910E-008,  
946.177,   1.1121E-008,  
947.191,   9.8744E-009,  
948.205,   1.2447E-008,  
949.219,   1.0357E-008,  
950.233,   9.6131E-009,  
951.247,   1.2884E-008,  
952.261,   1.1789E-008,  
953.275,   1.3352E-008,  
954.289,   8.6834E-009,  
955.303,   1.0186E-008,  
956.317,   1.3201E-008,  
957.331,   1.1935E-008,  
958.345,   9.2462E-009,  
959.359,   1.1764E-008,  
960.373,   1.0829E-008,  
961.387,   1.0734E-008,  
962.401,   1.0905E-008,  
963.415,   1.0121E-008,  
964.429,   1.4487E-008,  
965.443,   1.2719E-008,  
966.457,   1.0307E-008,  
967.471,   1.0447E-008,  
968.485,   1.0638E-008,  
969.499,   1.1608E-008,  
970.513,   1.2377E-008,  
971.527,   1.0658E-008,  
972.541,   1.1382E-008,  
973.555,   1.1261E-008,  
974.569,   9.0653E-009,  
975.583,   8.7990E-009,  
976.597,   1.0910E-008,  
977.611,   1.2317E-008,  
978.625,   1.1231E-008,  
979.639,   9.3518E-009,  
980.653,   9.4472E-009,  
981.667,   1.2482E-008,  
982.681,   1.0362E-008,  
983.695,   1.0095E-008,  
984.709,   1.1327E-008,  
985.723,   1.1538E-008,  
986.737,   9.5276E-009,  
987.751,   1.1754E-008,  
988.765,   9.3618E-009,  
989.779,   1.1834E-008,  
990.793,   1.2201E-008,  
991.807,   8.6784E-009,  
992.821,   1.0266E-008,  
993.835,   1.0935E-008,  
994.849,   1.1106E-008,  
995.863,   9.7186E-009,  
996.877,   9.4623E-009,  
997.891,   1.1161E-008,  
998.905,   1.2985E-008,  
999.919,   8.7236E-009,  
1000.933,   9.4623E-009,  
1001.947,   1.2070E-008,  
1002.961,   1.1246E-008,  
1003.975,   9.8392E-009,  
1004.989,   1.0437E-008,  
1006.003,   9.2513E-009,  
1007.017,   1.0764E-008,  
1008.031,   1.1226E-008,  
1009.045,   9.3015E-009,  
1010.059,   1.2121E-008,  
1011.073,   1.1347E-008,  
1012.087,   1.2251E-008,  
1013.101,   9.3467E-009,  
1014.115,   1.2332E-008,  
1015.129,   1.0915E-008,  
1016.143,   1.2648E-008,  
1017.157,   9.8342E-009,  
1018.171,   1.0452E-008,  
1019.185,   1.3628E-008,  
1020.199,   9.2261E-009,  
1021.213,   1.0025E-008,  
1022.227,   1.2613E-008,  
1023.241,   1.1362E-008,  
1024.255,   1.1432E-008,  
1025.269,   1.1704E-008,  
1026.283,   9.9698E-009,  
1027.297,   1.2849E-008,  
1028.311,   1.0714E-008,  
1029.325,   1.0010E-008,  
1030.339,   1.2025E-008,  
1031.353,   1.2055E-008,  
1032.367,   1.1211E-008,  
1033.381,   1.0603E-008,  
1034.395,   1.1543E-008,  
1035.409,   1.3025E-008,  
1036.423,   1.2789E-008,  
1037.437,   1.0839E-008,  
1038.451,   9.9045E-009,  
1039.466,   1.2719E-008,  
1040.480,   1.0970E-008,  
1041.494,   1.2452E-008,  
1042.508,   1.1789E-008,  
1043.522,   1.1116E-008,  
1044.536,   1.2472E-008,  
1045.550,   1.0467E-008,  
1046.564,   9.2060E-009,  
1047.578,   1.2281E-008,  
1048.592,   1.2352E-008,  
1049.606,   1.1241E-008,  
1050.620,   1.1749E-008,  
1051.634,   1.0573E-008,  
1052.648,   1.2915E-008,  
1053.662,   1.3151E-008,  
1054.676,   1.0000E-008,  
1055.690,   1.2432E-008,  
1056.704,   1.1558E-008,  
1057.718,   9.7839E-009,  
1058.732,   1.0422E-008,  
1059.746,   1.1342E-008,  
1060.760,   1.1367E-008,  
1061.774,   1.1864E-008,  
1062.788,   1.1357E-008,  
1063.802,   1.0457E-008,  
1064.816,   1.0834E-008,  
1065.830,   9.6030E-009,  
1066.844,   1.0417E-008,  
1067.858,   1.3080E-008,  
1068.872,   1.2794E-008,  
1069.886,   1.0744E-008,  
1070.900,   9.3216E-009,  
1071.914,   1.0528E-008,  
1072.928,   1.2342E-008,  
1073.942,   1.2734E-008,  
1074.956,   9.9548E-009,  
1075.970,   1.3920E-008,  
1076.984,   1.3739E-008,  
1077.998,   9.6683E-009,  
1079.012,   9.5377E-009,  
1080.026,   1.2638E-008,  
1081.040,   1.1342E-008,  
1082.054,   1.1181E-008,  
1083.068,   9.6181E-009,  
1084.082,   1.1764E-008,  
1085.096,   1.2915E-008,  
1086.110,   1.1055E-008,  
1087.124,   9.5075E-009,  
1088.138,   1.2889E-008,  
1089.152,   1.1342E-008,  
1090.166,   1.0497E-008,  
1091.180,   1.0668E-008,  
1092.194,   1.1744E-008,  
1093.208,   1.1141E-008,  
1094.222,   1.0246E-008,  
1095.236,   1.0884E-008,  
1096.250,   1.1799E-008,  
1097.264,   1.2362E-008,  
1098.278,   9.0603E-009,  
1099.292,   8.7789E-009,  
1100.306,   1.2472E-008,  
1101.320,   1.0327E-008,  
1102.334,   1.0523E-008,  
1103.348,   9.7387E-009,  
1104.362,   1.1070E-008,  
1105.376,   1.2412E-008,  
1106.390,   1.0774E-008,  
1107.404,   1.0427E-008,  
1108.418,   1.3211E-008,  
1109.432,   1.2583E-008,  
1110.446,   1.0231E-008,  
1111.460,   1.1161E-008,  
1112.474,   1.1201E-008,  
1113.488,   1.0990E-008,  
1114.502,   1.0392E-008,  
1115.516,   1.0799E-008,  
1116.530,   1.3327E-008,  
1117.544,   1.1296E-008,  
1118.558,   1.0824E-008,  
1119.572,   9.5176E-009,  
1120.586,   1.2553E-008,  
1121.600,   1.0658E-008,  
1122.614,   1.0839E-008,  
1123.628,   1.0739E-008,  
1124.642,   1.2196E-008,  
1125.656,   9.9447E-009,  
1126.670,   1.0754E-008,  
1127.684,   1.0015E-008,  
1128.698,   1.1387E-008,  
1129.712,   1.1789E-008,  
1130.726,   8.5578E-009,  
1131.740,   1.1889E-008,  
1132.754,   1.1302E-008,  
1133.768,   1.0171E-008,  
1134.782,   8.1307E-009,  
1135.796,   1.0593E-008,  
1136.810,   1.1101E-008,  
1137.824,   1.2030E-008,  
1138.838,   9.9045E-009,  
1139.852,   9.5879E-009,  
1140.866,   1.1754E-008,  
1141.880,   1.1085E-008,  
1142.894,   8.5678E-009,  
1143.908,   1.3990E-008,  
1144.922,   1.0452E-008,  
1145.936,   9.3568E-009,  
1146.950,   9.5377E-009,  
1147.964,   9.1508E-009,  
1148.978,   1.0261E-008,  
1149.992,   1.2090E-008,  
1151.006,   8.3518E-009,  
1152.020,   1.0940E-008,  
1153.034,   1.3241E-008,  
1154.048,   9.9045E-009,  
1155.062,   9.2814E-009,  
1156.076,   1.1040E-008,  
1157.090,   1.2322E-008,  
1158.104,   1.1623E-008,  
1159.118,   8.7337E-009,  
1160.132,   1.0276E-008,  
1161.146,   1.2337E-008,  
1162.160,   8.8794E-009,  
1163.174,   9.1508E-009,  
1164.188,   1.2849E-008,  
1165.202,   1.1367E-008,  
1166.216,   1.1412E-008,  
1167.230,   1.0261E-008,  
1168.244,   1.0171E-008,  
1169.258,   9.6884E-009,  
1170.272,   1.2573E-008,  
1171.286,   9.1608E-009,  
1172.300,   1.1678E-008,  
1173.314,   1.1010E-008,  
1174.328,   1.1090E-008,  
1175.342,   9.3417E-009,  
1176.356,   1.0010E-008,  
1177.370,   1.3457E-008,  
1178.384,   1.0251E-008,  
1179.398,   8.3467E-009,  
1180.412,   9.2764E-009,  
1181.426,   1.0482E-008,  
1182.440,   9.3216E-009,  
1183.454,   8.1558E-009,  
1184.468,   1.0899E-008,  
1185.482,   1.0241E-008,  
1186.496,   1.0337E-008,  
1187.510,   8.6080E-009,  
1188.524,   7.8442E-009,  
1189.538,   1.1698E-008,  
1190.552,   1.0930E-008,  
1191.566,   9.3367E-009,  
1192.580,   1.1296E-008,  
1193.594,   9.0905E-009,  
1194.608,   9.8442E-009,  
1195.623,   9.5226E-009,  
1196.637,   9.4422E-009,  
1197.651,   1.0879E-008,  
1198.665,   1.0191E-008,  
1199.679,   9.0854E-009,  
1200.693,   1.0131E-008,  
1201.707,   1.0196E-008,  
1202.721,   9.1709E-009,  
1203.735,   9.1558E-009,  
1204.749,   1.0905E-008,  
1205.763,   1.2608E-008,  
1206.777,   9.8794E-009,  
1207.791,   1.0040E-008,  
1208.805,   9.8342E-009,  
1209.819,   8.9900E-009,  
1210.833,   1.0025E-008,  
1211.847,   9.7588E-009,  
1212.861,   1.1975E-008,  
1213.875,   1.2156E-008,  
1214.889,   1.0693E-008,  
1215.903,   9.4673E-009,  
1216.917,   1.1035E-008,  
1217.931,   1.0985E-008,  
1218.945,   8.9296E-009,  
1219.959,   9.3668E-009,  
1220.973,   1.1729E-008,  
1221.987,   1.1523E-008,  
1223.001,   9.0854E-009,  
1224.015,   1.0131E-008,  
1225.029,   1.1196E-008,  
1226.043,   1.0955E-008,  
1227.057,   7.8342E-009,  
1228.071,   1.0462E-008,  
1229.085,   1.1362E-008,  
1230.099,   9.1357E-009,  
1231.113,   9.9648E-009,  
1232.127,   1.0573E-008,  
1233.141,   1.1608E-008,  
1234.155,   1.1523E-008,  
1235.169,   9.2312E-009,  
1236.183,   8.4171E-009,  
1237.197,   9.8040E-009,  
1238.211,   1.1628E-008,  
1239.225,   7.9397E-009,  
1240.239,   7.7739E-009,  
1241.253,   1.0508E-008,  
1242.267,   1.0935E-008,  
1243.281,   8.1709E-009,  
1244.295,   9.9548E-009,  
1245.309,   1.2020E-008,  
1246.323,   9.8141E-009,  
1247.337,   9.8040E-009,  
1248.351,   1.1608E-008,  
1249.365,   1.0412E-008,  
1250.379,   1.1523E-008,  
1251.393,   8.0955E-009,  
1252.407,   9.2111E-009,  
1253.421,   1.0427E-008,  
1254.435,   1.0432E-008,  
1255.449,   1.0171E-008,  
1256.463,   1.2613E-008,  
1257.477,   1.0729E-008,  
1258.491,   9.8543E-009,  
1259.505,   1.0131E-008,  
1260.519,   8.9849E-009,  
1261.533,   1.0422E-008,  
1262.547,   1.0950E-008,  
1263.561,   1.0422E-008,  
1264.575,   7.8392E-009,  
1265.589,   1.1050E-008,  
1266.603,   9.9698E-009,  
1267.617,   9.7538E-009,  
1268.631,   1.1749E-008,  
1269.645,   1.1106E-008,  
1270.659,   1.1518E-008,  
1271.673,   9.4271E-009,  
1272.687,   9.6432E-009,  
1273.701,   1.1879E-008,  
1274.715,   1.2899E-008,  
1275.729,   9.0050E-009,  
1276.743,   1.1387E-008,  
1277.757,   1.1387E-008,  
1278.771,   9.6633E-009,  
1279.785,   8.9799E-009,  
1280.799,   9.6382E-009,  
1281.813,   1.2744E-008,  
1282.827,   1.0121E-008,  
1283.841,   1.1015E-008,  
1284.855,   1.1422E-008,  
1285.869,   1.2065E-008,  
1286.883,   1.0246E-008,  
1287.897,   7.8442E-009,  
1288.911,   1.1603E-008,  
1289.925,   1.1286E-008,  
1290.939,   1.0603E-008,  
1291.953,   1.0638E-008,  
1292.967,   8.8543E-009,  
1293.981,   1.1085E-008,  
1294.995,   9.6683E-009,  
1296.009,   7.6181E-009,  
1297.023,   1.2020E-008,  
1298.037,   1.2070E-008,  
1299.051,   1.0266E-008,  
1300.065,   1.0558E-008,  
1301.079,   1.0724E-008,  
1302.093,   1.1251E-008,  
1303.107,   9.5678E-009,  
1304.121,   9.0151E-009,  
1305.135,   1.0332E-008,  
1306.149,   1.1266E-008,  
1307.163,   1.0246E-008,  
1308.177,   1.0166E-008,  
1309.191,   1.2714E-008,  
1310.205,   1.1317E-008,  
1311.219,   1.0166E-008,  
1312.233,   1.1784E-008,  
1313.247,   1.0508E-008,  
1314.261,   1.2221E-008,  
1315.275,   9.5729E-009,  
1316.289,   1.1377E-008,  
1317.303,   1.1357E-008,  
1318.317,   1.2332E-008,  
1319.331,   1.0452E-008,  
1320.345,   1.3095E-008,  
1321.359,   1.2141E-008,  
1322.373,   9.5427E-009,  
1323.387,   9.5578E-009,  
1324.401,   1.1166E-008,  
1325.415,   1.2467E-008,  
1326.429,   1.1025E-008,  
1327.443,   9.9246E-009,  
1328.457,   1.0970E-008,  
1329.471,   1.2407E-008,  
1330.485,   8.7990E-009,  
1331.499,   9.6633E-009,  
1332.513,   1.1985E-008,  
1333.527,   1.2457E-008,  
1334.541,   9.6985E-009,  
1335.555,   1.2126E-008,  
1336.569,   1.2342E-008,  
1337.583,   1.1196E-008,  
1338.597,   9.7085E-009,  
1339.611,   1.0543E-008,  
1340.625,   1.1201E-008,  
1341.639,   1.3040E-008,  
1342.653,   1.0477E-008,  
1343.667,   1.1538E-008,  
1344.681,   1.1688E-008,  
1345.695,   1.1492E-008,  
1346.709,   9.5729E-009,  
1347.723,   1.1407E-008,  
1348.737,   1.0593E-008,  
1349.751,   1.2136E-008,  
1350.765,   1.0090E-008,  
1351.780,   1.1719E-008,  
1352.794,   1.0839E-008,  
1353.808,   1.1603E-008,  
1354.822,   1.0286E-008,  
1355.836,   1.1653E-008,  
1356.850,   1.1719E-008,  
1357.864,   1.0241E-008,  
1358.878,   9.3367E-009,  
1359.892,   1.2578E-008,  
1360.906,   9.7186E-009,  
1361.920,   9.6784E-009,  
1362.934,   1.1995E-008,  
1363.948,   1.1387E-008,  
1364.962,   1.0593E-008,  
1365.976,   9.8291E-009,  
1366.990,   1.1513E-008,  
1368.004,   1.2040E-008,  
1369.018,   1.2050E-008,  
1370.032,   1.0065E-008,  
1371.046,   1.2106E-008,  
1372.060,   1.2286E-008,  
1373.074,   8.8392E-009,  
1374.088,   1.0734E-008,  
1375.102,   1.2452E-008,  
1376.116,   1.0739E-008,  
1377.130,   9.8442E-009,  
1378.144,   1.1603E-008,  
1379.158,   1.3497E-008,  
1380.172,   1.1940E-008,  
1381.186,   1.0201E-008,  
1382.200,   1.0965E-008,  
1383.214,   1.1668E-008,  
1384.228,   1.1211E-008,  
1385.242,   1.0935E-008,  
1386.256,   1.2040E-008,  
1387.270,   1.2809E-008,  
1388.284,   1.0347E-008,  
1389.298,   1.0196E-008,  
1390.312,   1.1191E-008,  
1391.326,   1.0508E-008,  
1392.340,   9.7186E-009,  
1393.354,   8.6181E-009,  
1394.368,   1.0070E-008,  
1395.382,   1.0437E-008,  
1396.396,   9.6482E-009,  
1397.410,   1.0151E-008,  
1398.424,   1.1442E-008,  
1399.438,   1.3744E-008,  
1400.452,   1.0221E-008,  
1401.466,   1.2653E-008,  
1402.480,   1.2437E-008,  
1403.494,   1.0030E-008,  
1404.508,   8.1407E-009,  
1405.522,   9.8492E-009,  
1406.536,   1.0648E-008,  
1407.550,   1.1497E-008,  
1408.564,   9.4623E-009,  
1409.578,   9.9648E-009,  
1410.592,   1.2889E-008,  
1411.606,   8.3166E-009,  
1412.620,   9.6784E-009,  
1413.634,   1.3603E-008,  
1414.648,   1.1050E-008,  
1415.662,   8.9246E-009,  
1416.676,   1.1206E-008,  
1417.690,   1.3387E-008,  
1418.704,   9.5879E-009,  
1419.718,   1.1824E-008,  
1420.732,   1.0472E-008,  
1421.746,   1.1749E-008,  
1422.760,   1.1869E-008,  
1423.774,   9.5578E-009,  
1424.788,   1.1241E-008,  
1425.802,   1.2714E-008,  
1426.816,   9.7487E-009,  
1427.830,   1.1151E-008,  
1428.844,   1.2613E-008,  
1429.858,   1.2935E-008,  
1430.872,   9.8241E-009,  
1431.886,   1.0467E-008,  
1432.900,   1.1442E-008,  
1433.914,   9.6382E-009,  
1434.928,   1.0141E-008,  
1435.942,   1.2075E-008,  
1436.956,   1.0201E-008,  
1437.970,   9.4422E-009,  
1438.984,   9.0503E-009,  
1439.998,   1.1613E-008,  
1441.012,   1.2432E-008,  
1442.026,   9.3719E-009,  
1443.040,   7.8995E-009,  
1444.054,   1.0839E-008,  
1445.068,   9.7538E-009,  
1446.082,   9.8593E-009,  
1447.096,   1.1372E-008,  
1448.110,   1.1196E-008,  
1449.124,   1.0693E-008,  
1450.138,   8.8090E-009,  
1451.152,   1.1095E-008,  
1452.166,   1.1131E-008,  
1453.180,   1.0899E-008,  
1454.194,   1.0553E-008,  
1455.208,   1.2080E-008,  
1456.222,   1.3884E-008,  
1457.236,   1.2372E-008,  
1458.250,   1.2779E-008,  
1459.264,   1.5623E-008,  
1460.278,   1.3312E-008,  
1461.292,   1.4513E-008,  
1462.306,   1.4533E-008,  
1463.320,   1.5688E-008,  
1464.334,   1.5724E-008,  
1465.348,   1.6176E-008,  
1466.362,   1.5688E-008,  
1467.376,   1.7940E-008,  
1468.390,   1.6749E-008,  
1469.404,   1.6995E-008,  
1470.418,   1.7412E-008,  
1471.432,   1.8729E-008,  
1472.446,   1.5965E-008,  
1473.460,   1.7030E-008,  
1474.474,   1.7859E-008,  
1475.488,   1.6864E-008,  
1476.502,   1.5985E-008,  
1477.516,   1.7372E-008,  
1478.530,   1.8307E-008,  
1479.544,   1.8633E-008,  
1480.558,   1.7497E-008,  
1481.572,   1.7995E-008,  
1482.586,   1.8513E-008,  
1483.600,   2.0940E-008,  
1484.614,   1.8231E-008,  
1485.628,   2.0568E-008,  
1486.642,   2.1623E-008,  
1487.656,   1.8970E-008,  
1488.670,   1.9246E-008,  
1489.684,   2.0116E-008,  
1490.698,   1.8663E-008,  
1491.712,   1.8347E-008,  
1492.726,   2.0035E-008,  
1493.740,   2.1276E-008,  
1494.754,   1.9402E-008,  
1495.768,   2.0357E-008,  
1496.782,   1.8065E-008,  
1497.796,   1.9236E-008,  
1498.810,   1.8995E-008,  
1499.824,   2.0015E-008,  
1500.838,   1.9678E-008,  
1501.852,   1.9171E-008,  
1502.866,   1.8362E-008,  
1503.880,   1.9889E-008,  
1504.894,   1.9764E-008,  
1505.908,   1.8151E-008,  
1506.922,   1.8352E-008,  
1507.937,   2.0623E-008,  
1508.951,   1.9879E-008,  
1509.965,   1.8673E-008,  
1510.979,   1.9482E-008,  
1511.993,   1.8216E-008,  
1513.007,   1.7457E-008,  
1514.021,   1.7925E-008,  
1515.035,   1.7784E-008,  
1516.049,   1.7276E-008,  
1517.063,   1.8362E-008,  
1518.077,   1.6558E-008,  
1519.091,   1.8065E-008,  
1520.105,   1.9055E-008,  
1521.119,   1.6774E-008,  
1522.133,   1.7432E-008,  
1523.147,   1.8206E-008,  
1524.161,   1.7704E-008,  
1525.175,   1.6894E-008,  
1526.189,   1.8101E-008,  
1527.203,   1.6869E-008,  
1528.217,   1.6211E-008,  
1529.231,   1.7457E-008,  
1530.245,   1.8452E-008,  
1531.259,   1.8070E-008,  
1532.273,   1.9889E-008,  
1533.287,   1.7080E-008,  
1534.301,   1.7985E-008,  
1535.315,   1.8377E-008,  
1536.329,   1.7643E-008,  
1537.343,   1.8658E-008,  
1538.357,   1.8864E-008,  
1539.371,   1.9779E-008,  
1540.385,   1.7362E-008,  
1541.399,   1.8523E-008,  
1542.413,   1.9176E-008,  
1543.427,   1.7377E-008,  
1544.441,   1.7804E-008,  
1545.455,   1.8603E-008,  
1546.469,   1.7834E-008,  
1547.483,   1.8291E-008,  
1548.497,   1.7276E-008,  
1549.511,   1.9090E-008,  
1550.525,   1.7698E-008,  
1551.539,   1.8090E-008,  
1552.553,   1.8553E-008,  
1553.567,   1.9030E-008,  
1554.581,   1.7950E-008,  
1555.595,   1.8472E-008,  
1556.609,   1.9548E-008,  
1557.623,   1.9698E-008,  
1558.637,   1.6613E-008,  
1559.651,   1.9181E-008,  
1560.665,   1.9156E-008,  
1561.679,   1.8131E-008,  
1562.693,   1.7246E-008,  
1563.707,   1.8618E-008,  
1564.721,   1.8317E-008,  
1565.735,   1.7497E-008,  
1566.749,   1.8618E-008,  
1567.763,   1.7985E-008,  
1568.777,   1.9065E-008,  
1569.791,   1.7276E-008,  
1570.805,   1.7342E-008,  
1571.819,   1.7663E-008,  
1572.833,   1.7623E-008,  
1573.847,   1.6734E-008,  
1574.861,   1.8312E-008,  
1575.875,   1.9935E-008,  
1576.889,   1.7663E-008,  
1577.903,   1.7372E-008,  
1578.917,   1.7864E-008,  
1579.931,   1.7935E-008,  
1580.945,   1.7307E-008,  
1581.959,   1.6467E-008,  
1582.973,   1.8603E-008,  
1583.987,   1.6467E-008,  
1585.001,   1.7839E-008,  
1586.015,   1.7884E-008,  
1587.029,   1.7382E-008,  
1588.043,   1.8985E-008,  
1589.057,   1.5925E-008,  
1590.071,   1.6794E-008,  
1591.085,   1.8055E-008,  
1592.099,   1.6568E-008,  
1593.113,   1.7231E-008,  
1594.127,   1.7437E-008,  
1595.141,   1.8508E-008,  
1596.155,   1.7251E-008,  
1597.169,   1.6653E-008,  
1598.183,   1.9151E-008,  
1599.197,   1.7276E-008,  
1600.211,   1.7960E-008,  
1601.225,   1.6337E-008,  
1602.239,   1.6573E-008,  
1603.253,   1.8156E-008,  
1604.267,   1.6935E-008,  
1605.281,   1.6538E-008,  
1606.295,   1.7854E-008,  
1607.309,   1.7397E-008,  
1608.323,   1.7387E-008,  
1609.337,   1.9558E-008,  
1610.351,   1.7482E-008,  
1611.365,   1.8191E-008,  
1612.379,   1.8231E-008,  
1613.393,   1.7824E-008,  
1614.407,   1.6859E-008,  
1615.421,   1.7055E-008,  
1616.435,   1.6357E-008,  
1617.449,   1.6809E-008,  
1618.463,   1.6281E-008,  
1619.477,   1.7588E-008,  
1620.491,   1.5709E-008,  
1621.505,   1.8442E-008,  
1622.519,   1.7543E-008,  
1623.533,   1.6784E-008,  
1624.547,   1.8231E-008,  
1625.561,   1.7251E-008,  
1626.575,   1.7070E-008,  
1627.589,   1.6412E-008,  
1628.603,   1.7548E-008,  
1629.617,   1.6970E-008,  
1630.631,   1.6779E-008,  
1631.645,   1.6889E-008,  
1632.659,   1.7618E-008,  
1633.673,   1.7146E-008,  
1634.687,   1.6975E-008,  
1635.701,   1.5643E-008,  
1636.715,   1.7095E-008,  
1637.729,   1.8573E-008,  
1638.743,   1.6613E-008,  
1639.757,   1.6910E-008,  
1640.771,   1.8302E-008,  
1641.785,   1.8151E-008,  
1642.799,   1.6045E-008,  
1643.813,   1.7136E-008,  
1644.827,   1.9161E-008,  
1645.841,   1.7176E-008,  
1646.855,   1.6734E-008,  
1647.869,   2.1588E-008,  
1648.899,   1.8146E-008,  
1649.897,   1.8005E-008,  
1650.911,   1.6789E-008,  
1651.925,   1.7015E-008,  
1652.955,   1.6970E-008,  
1653.953,   1.7538E-008,  
1654.967,   1.7050E-008,  
1655.981,   1.6407E-008,  
1656.995,   1.7593E-008,  
1658.009,   1.6357E-008,  
1659.039,   1.7447E-008,  
1660.037,   1.8744E-008,  
1661.051,   1.8251E-008,  
1662.065,   1.6859E-008,  
1663.079,   1.6930E-008,  
1664.094,   1.6307E-008,  
1665.108,   1.6623E-008,  
1666.122,   1.7698E-008,  
1667.136,   1.6126E-008,  
1668.150,   1.6774E-008,  
1669.164,   1.8668E-008,  
1670.178,   1.7050E-008,  
1671.192,   1.5623E-008,  
1672.206,   1.7844E-008,  
1673.220,   1.7397E-008,  
1674.234,   1.6799E-008,  
1675.248,   1.7035E-008,  
1676.262,   1.8558E-008,  
1677.276,   1.7095E-008,  
1678.290,   1.8432E-008,  
1679.304,   1.7930E-008,  
1680.318,   1.7432E-008,  
1681.332,   1.6166E-008,  
1682.346,   1.6407E-008,  
1683.360,   1.8533E-008,  
1684.374,   1.7075E-008,  
1685.388,   1.7789E-008,  
1686.402,   1.6387E-008,  
1687.416,   1.7578E-008,  
1688.430,   1.6975E-008,  
1689.444,   1.5905E-008,  
1690.458,   1.7658E-008,  
1691.472,   1.8432E-008,  
1692.486,   1.7266E-008,  
1693.500,   1.6372E-008,  
1694.514,   1.6583E-008,  
1695.528,   1.6935E-008,  
1696.542,   1.7879E-008,  
1697.556,   1.7709E-008,  
1698.570,   1.6226E-008,  
1699.584,   1.8724E-008,  
1700.598,   1.7322E-008,  
1701.612,   1.6774E-008,  
1702.626,   1.7317E-008,  
1703.640,   1.6065E-008,  
1704.654,   1.6487E-008,  
1705.668,   1.6095E-008,  
1706.682,   1.6412E-008,  
1707.696,   1.6910E-008,  
1708.710,   1.5503E-008,  
1709.724,   1.5824E-008,  
1710.738,   1.6809E-008,  
1711.752,   1.7156E-008,  
1712.766,   1.7266E-008,  
1713.780,   1.6709E-008,  
1714.794,   1.7216E-008,  
1715.808,   1.7884E-008,  
1716.822,   1.6789E-008,  
1717.836,   1.6734E-008,  
1718.850,   1.5975E-008,  
1719.864,   1.6166E-008,  
1720.878,   1.5935E-008,  
1721.892,   1.7382E-008,  
1722.906,   1.6236E-008,  
1723.920,   1.5980E-008,  
1724.934,   1.5829E-008,  
1725.948,   1.6286E-008,  
1726.978,   1.7357E-008,  
1727.976,   1.6392E-008,  
1728.990,   1.6774E-008,  
1730.004,   1.7010E-008,  
1731.018,   1.7312E-008,  
1732.032,   1.7312E-008,  
1733.046,   1.9271E-008,  
1734.060,   1.6653E-008,  
1735.074,   1.7437E-008,  
1736.088,   1.6508E-008,  
1737.102,   1.7181E-008,  
1738.116,   1.6005E-008,  
1739.130,   1.6196E-008,  
1740.238,   1.5804E-008,  
1741.158,   1.6739E-008,  
1742.172,   1.8633E-008,  
1743.186,   1.5859E-008,  
1744.200,   1.8251E-008,  
1745.214,   1.8090E-008,  
1746.228,   1.7126E-008,  
1747.242,   1.7261E-008,  
1748.256,   1.8643E-008,  
1749.270,   1.7568E-008,  
1750.284,   1.7302E-008,  
1751.298,   1.6593E-008,  
1752.312,   1.7216E-008,  
1753.326,   1.6925E-008,  
1754.340,   1.6754E-008,  
1755.354,   1.6327E-008,  
1756.368,   1.7020E-008,  
1757.382,   1.6965E-008,  
1758.396,   1.6397E-008,  
1759.410,   1.6839E-008,  
1760.424,   1.8930E-008,  
1761.438,   1.7256E-008,  
1762.452,   1.6266E-008,  
1763.466,   1.7317E-008,  
1764.480,   1.5910E-008,  
1765.494,   1.7176E-008,  
1766.508,   1.6894E-008,  
1767.522,   1.6734E-008,  
1768.536,   1.8131E-008,  
1769.550,   1.6166E-008,  
1770.564,   1.5005E-008,  
1771.578,   1.6442E-008,  
1772.592,   1.7558E-008,  
1773.606,   1.6764E-008,  
1774.620,   1.6734E-008,  
1775.634,   1.7804E-008,  
1776.648,   1.7945E-008,  
1777.662,   1.7819E-008,  
1778.676,   1.8025E-008,  
1779.690,   1.6437E-008,  
1780.704,   1.6452E-008,  
1781.718,   1.7216E-008,  
1782.732,   1.7804E-008,  
1783.746,   1.9101E-008,  
1784.760,   1.6558E-008,  
1785.774,   1.6472E-008,  
1786.788,   1.8256E-008,  
1787.802,   1.6910E-008,  
1788.816,   1.6734E-008,  
1789.830,   1.7970E-008,  
1790.844,   1.7302E-008,  
1791.858,   1.6688E-008,  
1792.872,   1.5402E-008,  
1793.886,   1.7417E-008,  
1794.900,   1.8191E-008,  
1795.914,   1.5085E-008,  
1796.928,   1.6729E-008,  
1797.942,   1.8090E-008,  
1798.956,   1.6693E-008,  
1799.970,   1.7256E-008,  
1800.984,   1.6271E-008,  
1801.998,   1.6367E-008,  
1803.012,   1.7136E-008,  
1804.026,   1.6000E-008,  
1805.040,   1.6126E-008,  
1806.054,   1.5709E-008,  
1807.068,   1.8472E-008,  
1808.082,   1.8573E-008,  
1809.096,   1.7648E-008,  
1810.110,   1.7131E-008,  
1811.124,   1.6603E-008,  
1812.138,   1.6111E-008,  
1813.152,   1.7342E-008,  
1814.166,   1.5312E-008,  
1815.180,   1.6196E-008,  
1816.194,   1.7070E-008,  
1817.208,   1.5920E-008,  
1818.222,   1.7015E-008,  
1819.237,   1.6573E-008,  
1820.251,   1.5749E-008,  
1821.265,   1.7075E-008,  
1822.279,   1.6528E-008,  
1823.293,   1.6472E-008,  
1824.307,   1.7010E-008,  
1825.321,   1.6402E-008,  
1826.335,   1.7075E-008,  
1827.349,   1.7111E-008,  
1828.363,   1.5683E-008,  
1829.377,   1.7849E-008,  
1830.391,   1.7719E-008,  
1831.405,   1.6472E-008,  
1832.419,   1.5126E-008,  
1833.433,   1.6010E-008,  
1834.447,   1.6794E-008,  
1835.461,   1.6794E-008,  
1836.475,   1.6709E-008,  
1837.489,   1.7834E-008,  
1838.503,   1.6352E-008,  
1839.517,   1.5784E-008,  
1840.531,   1.5633E-008,  
1841.545,   1.7804E-008,  
1842.559,   1.6925E-008,  
1843.573,   1.5387E-008,  
1844.587,   1.6859E-008,  
1845.601,   1.7382E-008,  
1846.615,   2.0447E-008,  
1847.629,   2.0015E-008,  
1848.643,   2.4930E-008,  
1849.657,   2.6678E-008,  
1850.671,   2.7382E-008,  
1851.685,   2.8332E-008,  
1852.699,   3.1799E-008,  
1853.713,   3.3156E-008,  
1854.727,   3.2995E-008,  
1855.834,   3.6241E-008,  
1856.755,   3.5794E-008,  
1857.769,   3.7467E-008,  
1858.783,   3.7116E-008,  
1859.797,   3.8633E-008,  
1860.811,   4.0337E-008,  
1861.825,   4.1101E-008,  
1862.839,   4.0482E-008,  
1863.853,   4.3452E-008,  
1864.867,   4.5648E-008,  
1865.881,   4.3427E-008,  
1866.895,   4.3126E-008,  
1867.909,   4.4101E-008,  
1868.923,   4.5296E-008,  
1869.937,   4.3447E-008,  
1870.951,   4.3477E-008,  
1871.965,   4.4754E-008,  
1872.979,   4.6879E-008,  
1873.993,   4.4452E-008,  
1875.007,   4.4990E-008,  
1876.021,   4.7623E-008,  
1877.035,   4.7960E-008,  
1878.049,   4.6196E-008,  
1879.063,   4.4683E-008,  
1880.077,   4.5548E-008,  
1881.091,   4.3714E-008,  
1882.105,   4.4286E-008,  
1883.119,   4.1960E-008,  
1884.133,   4.2457E-008,  
1885.147,   4.3060E-008,  
1886.161,   3.8633E-008,  
1887.175,   3.8181E-008,  
1888.189,   4.0206E-008,  
1889.203,   3.7809E-008,  
1890.217,   3.6799E-008,  
1891.231,   3.5613E-008,  
1892.245,   3.9111E-008,  
1893.259,   3.7910E-008,  
1894.273,   3.3317E-008,  
1895.287,   3.5593E-008,  
1896.301,   3.4789E-008,  
1897.315,   3.3357E-008,  
1898.329,   3.4276E-008,  
1899.343,   3.3432E-008,  
1900.357,   3.3281E-008,  
1901.371,   3.0050E-008,  
1902.385,   3.0472E-008,  
1903.399,   3.0910E-008,  
1904.413,   3.1457E-008,  
1905.427,   3.0291E-008,  
1906.441,   2.9905E-008,  
1907.455,   2.8623E-008,  
1908.469,   3.0452E-008,  
1909.483,   2.7503E-008,  
1910.497,   2.7286E-008,  
1911.511,   3.1452E-008,  
1912.525,   3.0497E-008,  
1913.555,   2.8980E-008,  
1914.569,   3.1171E-008,  
1915.583,   2.7171E-008,  
1916.581,   2.9980E-008,  
1917.595,   2.8407E-008,  
1918.609,   2.9317E-008,  
1919.623,   2.9899E-008,  
1920.637,   3.0196E-008,  
1921.651,   2.6055E-008,  
1922.665,   2.4377E-008,  
1923.679,   2.8281E-008,  
1924.693,   2.7452E-008,  
1925.707,   2.5955E-008,  
1926.721,   2.7573E-008,  
1927.735,   2.7784E-008,  
1928.749,   2.4568E-008,  
1929.763,   2.5513E-008,  
1930.777,   2.5608E-008,  
1931.791,   2.9065E-008,  
1932.805,   2.5819E-008,  
1933.819,   2.5809E-008,  
1934.833,   2.6884E-008,  
1935.847,   2.7256E-008,  
1936.861,   2.5523E-008,  
1937.875,   2.5126E-008,  
1938.889,   2.4533E-008,  
1939.903,   2.6724E-008,  
1940.917,   2.5955E-008,  
1941.931,   2.3794E-008,  
1942.945,   2.4362E-008,  
1943.959,   2.5146E-008,  
1944.973,   2.5040E-008,  
1945.987,   2.3628E-008,  
1947.001,   2.3663E-008,  
1948.015,   2.4256E-008,  
1949.029,   2.4995E-008,  
1950.043,   2.3271E-008,  
1951.057,   2.5633E-008,  
1952.071,   2.3095E-008,  
1953.085,   2.3683E-008,  
1954.099,   2.2683E-008,  
1955.113,   2.4533E-008,  
1956.127,   2.3286E-008,  
1957.141,   2.1668E-008,  
1958.155,   2.2915E-008,  
1959.169,   2.3563E-008,  
1960.183,   2.2487E-008,  
1961.197,   2.1437E-008,  
1962.211,   2.1613E-008,  
1963.225,   2.4769E-008,  
1964.239,   2.2296E-008,  
1965.253,   2.1141E-008,  
1966.267,   2.1799E-008,  
1967.281,   2.2704E-008,  
1968.295,   2.0578E-008,  
1969.309,   2.0347E-008,  
1970.323,   2.0638E-008,  
1971.337,   2.2603E-008,  
1972.351,   2.2050E-008,  
1973.365,   1.9367E-008,  
1974.379,   2.1171E-008,  
1975.394,   2.1628E-008,  
1976.408,   2.1487E-008,  
1977.422,   1.9950E-008,  
1978.436,   2.1417E-008,  
1979.450,   2.0819E-008,  
1980.464,   2.2040E-008,  
1981.478,   2.0754E-008,  
1982.492,   2.3101E-008,  
1983.506,   2.3136E-008,  
1984.520,   2.1487E-008,  
1985.534,   2.0156E-008,  
1986.548,   2.4281E-008,  
1987.562,   2.2422E-008,  
1988.576,   2.1663E-008,  
1989.590,   2.1337E-008,  
1990.604,   2.2261E-008,  
1991.618,   2.1688E-008,  
1992.632,   2.1412E-008,  
1993.646,   2.1809E-008,  
1994.660,   2.1588E-008,  
1995.674,   2.0819E-008,  
1996.688,   1.9789E-008,  
1997.702,   2.0638E-008,  
1998.716,   1.9990E-008,  
1999.730,   2.0497E-008,  
2000.744,   2.1447E-008,  
2001.758,   1.7884E-008,  
2002.772,   2.0196E-008,  
2003.786,   1.9789E-008,  
2004.800,   1.9608E-008,  
2005.814,   2.1447E-008,  
2006.828,   2.0156E-008,  
2007.842,   1.8111E-008,  
2008.856,   1.8392E-008,  
2009.870,   1.8337E-008,  
2010.884,   1.9251E-008,  
2011.898,   1.8975E-008,  
2012.912,   1.8367E-008,  
2013.926,   1.7538E-008,  
2014.940,   1.8724E-008,  
2015.954,   1.6668E-008,  
2016.968,   1.8171E-008,  
2017.982,   2.0060E-008,  
2018.996,   1.8578E-008,  
2020.010,   1.7799E-008,  
2021.024,   1.7839E-008,  
2022.038,   1.9598E-008,  
2023.052,   1.9995E-008,  
2024.066,   1.7503E-008,  
2025.080,   1.7357E-008,  
2026.094,   1.8799E-008,  
2027.108,   1.8116E-008,  
2028.122,   1.8377E-008,  
2029.136,   1.8156E-008,  
2030.150,   1.8377E-008,  
2031.164,   1.7724E-008,  
2032.178,   1.5960E-008,  
2033.192,   1.7362E-008,  
2034.206,   1.6151E-008,  
2035.220,   1.7005E-008,  
2036.234,   1.6452E-008,  
2037.248,   1.7181E-008,  
2038.262,   1.8658E-008,  
2039.276,   1.6327E-008,  
2040.290,   1.6307E-008,  
2041.304,   1.6472E-008,  
2042.318,   1.6231E-008,  
2043.332,   1.7543E-008,  
2044.346,   1.4879E-008,  
2045.360,   1.5734E-008,  
2046.374,   1.6015E-008,  
2047.388,   1.6231E-008,  
2048.402,   1.5492E-008,  
2049.416,   1.6935E-008,  
2050.430,   1.6668E-008,  
2051.444,   1.5950E-008,  
2052.458,   1.4889E-008,  
2053.472,   1.6307E-008,  
2054.486,   1.5829E-008,  
2055.500,   1.7030E-008,  
2056.514,   1.5211E-008,  
2057.528,   1.5889E-008,  
2058.542,   1.6171E-008,  
2059.556,   1.5603E-008,  
2060.570,   1.4769E-008,  
2061.584,   1.7824E-008,  
2062.598,   1.5824E-008,  
2063.612,   1.6131E-008,  
2064.626,   1.6266E-008,  
2065.640,   1.6513E-008,  
2066.732,   1.4910E-008,  
2067.668,   1.5407E-008,  
2068.682,   1.5809E-008,  
2069.696,   1.3955E-008,  
2070.710,   1.5392E-008,  
2071.724,   1.5055E-008,  
2072.738,   1.5925E-008,  
2073.752,   1.4116E-008,  
2074.766,   1.4784E-008,  
2075.780,   1.4302E-008,  
2076.794,   1.5844E-008,  
2077.808,   1.4990E-008,  
2078.822,   1.4372E-008,  
2079.836,   1.4417E-008,  
2080.850,   1.4784E-008,  
2081.864,   1.3910E-008,  
2082.878,   1.3814E-008,  
2083.892,   1.4492E-008,  
2084.906,   1.5251E-008,  
2085.920,   1.4869E-008,  
2086.934,   1.4241E-008,  
2087.948,   1.6347E-008,  
2088.962,   1.4764E-008,  
2089.976,   1.5090E-008,  
2090.990,   1.5010E-008,  
2092.004,   1.4367E-008,  
2093.018,   1.5422E-008,  
2094.032,   1.6427E-008,  
2095.046,   1.5925E-008,  
2096.060,   1.4628E-008,  
2097.074,   1.5392E-008,  
2098.088,   1.5000E-008,  
2099.102,   1.5447E-008,  
2100.116,   1.6025E-008,  
2101.130,   1.5307E-008,  
2102.144,   1.5729E-008,  
2103.158,   1.4829E-008,  
2104.172,   1.5844E-008,  
2105.186,   1.4749E-008,  
2106.200,   1.4960E-008,  
2107.214,   1.5910E-008,  
2108.228,   1.5688E-008,  
2109.242,   1.4925E-008,  
2110.256,   1.4251E-008,  
2111.270,   1.8457E-008,  
2112.284,   1.6975E-008,  
2113.298,   1.9005E-008,  
2114.312,   1.9698E-008,  
2115.326,   2.4407E-008,  
2116.340,   2.1683E-008,  
2117.354,   2.2075E-008,  
2118.368,   2.5508E-008,  
2119.382,   2.6568E-008,  
2120.396,   2.5126E-008,  
2121.410,   2.5789E-008,  
2122.424,   2.8281E-008,  
2123.438,   2.8121E-008,  
2124.452,   2.8291E-008,  
2125.466,   2.7899E-008,  
2126.480,   2.8804E-008,  
2127.494,   2.8749E-008,  
2128.508,   2.9317E-008,  
2129.522,   2.8020E-008,  
2130.536,   2.9950E-008,  
2131.551,   3.0709E-008,  
2132.565,   2.7698E-008,  
2133.579,   2.8045E-008,  
2134.593,   3.0518E-008,  
2135.607,   2.9412E-008,  
2136.621,   2.7714E-008,  
2137.635,   2.7573E-008,  
2138.649,   3.0874E-008,  
2139.663,   2.7663E-008,  
2140.677,   2.8884E-008,  
2141.691,   3.0060E-008,  
2142.705,   2.7005E-008,  
2143.719,   2.5397E-008,  
2144.733,   2.6397E-008,  
2145.747,   3.0322E-008,  
2146.761,   2.9116E-008,  
2147.775,   2.6266E-008,  
2148.789,   2.4457E-008,  
2149.803,   2.8497E-008,  
2150.817,   2.7769E-008,  
2151.831,   2.9126E-008,  
2152.845,   2.8744E-008,  
2153.859,   2.7357E-008,  
2154.873,   2.5774E-008,  
2155.887,   2.6397E-008,  
2156.901,   2.5744E-008,  
2157.915,   2.6859E-008,  
2158.929,   2.6693E-008,  
2159.943,   2.4693E-008,  
2160.957,   2.7749E-008,  
2161.971,   2.6226E-008,  
2162.985,   2.6437E-008,  
2163.999,   2.4412E-008,  
2165.013,   2.6990E-008,  
2166.027,   2.5759E-008,  
2167.041,   2.5548E-008,  
2168.055,   2.6739E-008,  
2169.069,   2.5693E-008,  
2170.083,   2.6588E-008,  
2171.097,   2.5337E-008,  
2172.111,   2.6874E-008,  
2173.125,   2.6070E-008,  
2174.139,   2.4894E-008,  
2175.153,   2.5618E-008,  
2176.167,   2.4849E-008,  
2177.181,   2.7769E-008,  
2178.195,   2.3864E-008,  
2179.209,   2.5719E-008,  
2180.223,   2.8025E-008,  
2181.237,   2.5698E-008,  
2182.251,   2.3508E-008,  
2183.265,   2.7191E-008,  
2184.279,   2.7513E-008,  
2185.293,   2.4925E-008,  
2186.307,   2.5487E-008,  
2187.321,   2.5417E-008,  
2188.335,   2.6412E-008,  
2189.349,   2.4804E-008,  
2190.363,   2.3704E-008,  
2191.377,   2.6246E-008,  
2192.391,   2.5824E-008,  
2193.405,   2.4146E-008,  
2194.419,   2.5925E-008,  
2195.433,   2.5824E-008,  
2196.447,   2.5673E-008,  
2197.461,   2.4658E-008,  
2198.475,   2.3990E-008,  
2199.489,   2.6347E-008,  
2200.503,   2.6392E-008,  
2201.517,   2.3804E-008,  
2202.531,   2.5442E-008,  
2203.545,   2.6769E-008,  
2204.559,   2.5231E-008,  
2205.573,   2.3955E-008,  
2206.587,   2.5442E-008,  
2207.601,   2.4598E-008,  
2208.615,   2.4387E-008,  
2209.629,   2.4668E-008,  
2210.643,   2.5849E-008,  
2211.657,   2.4186E-008,  
2212.671,   2.4045E-008,  
2213.685,   2.4402E-008,  
2214.715,   2.5121E-008,  
2215.713,   2.3950E-008,  
2216.727,   2.4171E-008,  
2217.741,   2.3543E-008,  
2218.755,   2.4683E-008,  
2219.769,   2.3920E-008,  
2220.783,   2.4608E-008,  
2221.797,   2.6628E-008,  
2222.811,   2.5231E-008,  
2223.825,   2.4412E-008,  
2224.839,   2.3503E-008,  
2225.853,   2.4704E-008,  
2226.867,   2.4075E-008,  
2227.881,   2.2070E-008,  
2228.895,   2.2191E-008,  
2229.909,   2.4452E-008,  
2230.923,   2.3683E-008,  
2231.937,   2.2372E-008,  
2232.951,   2.4693E-008,  
2233.965,   2.6342E-008,  
2234.979,   2.2638E-008,  
2235.993,   2.1176E-008,  
2237.007,   2.4533E-008,  
2238.021,   2.5070E-008,  
2239.035,   2.4070E-008,  
2240.049,   2.3015E-008,  
2241.063,   2.6658E-008,  
2242.077,   2.3869E-008,  
2243.091,   2.3181E-008,  
2244.105,   2.4362E-008,  
2245.119,   2.3905E-008,  
2246.133,   2.4186E-008,  
2247.147,   2.3296E-008,  
2248.161,   2.2261E-008,  
2249.175,   2.6648E-008,  
2250.189,   2.3824E-008,  
2251.203,   2.4402E-008,  
2252.217,   2.5201E-008,  
2253.231,   2.7111E-008,  
2254.245,   2.5266E-008,  
2255.259,   2.2658E-008,  
2256.273,   2.4467E-008,  
2257.287,   2.4809E-008,  
2258.301,   2.3357E-008,  
2259.315,   2.2553E-008,  
2260.329,   2.3608E-008,  
2261.343,   2.5231E-008,  
2262.357,   2.2985E-008,  
2263.371,   2.2322E-008,  
2264.385,   2.2980E-008,  
2265.399,   2.2799E-008,  
2266.413,   2.3704E-008,  
2267.427,   2.3764E-008,  
2268.441,   2.4050E-008,  
2269.455,   2.3352E-008,  
2270.469,   2.2010E-008,  
2271.483,   2.4156E-008,  
2272.497,   2.4040E-008,  
2273.511,   2.2296E-008,  
2274.525,   2.1030E-008,  
2275.539,   2.3990E-008,  
2276.553,   2.3809E-008,  
2277.567,   2.1015E-008,  
2278.581,   2.4156E-008,  
2279.595,   2.4291E-008,  
2280.609,   2.1764E-008,  
2281.623,   2.2176E-008,  
2282.637,   2.3317E-008,  
2283.651,   2.2915E-008,  
2284.665,   2.3854E-008,  
2285.679,   2.2633E-008,  
2286.693,   2.2925E-008,  
2287.708,   2.2930E-008,  
2288.722,   2.2980E-008,  
2289.736,   2.3101E-008,  
2290.750,   2.4593E-008,  
2291.764,   2.4427E-008,  
2292.778,   2.2754E-008,  
2293.792,   2.2734E-008,  
2294.806,   2.4407E-008,  
2295.820,   2.2859E-008,  
2296.834,   2.7126E-008,  
2297.848,   3.0608E-008,  
2298.862,   3.4015E-008,  
2299.876,   3.6201E-008,  
2300.890,   3.8176E-008,  
2301.904,   3.9352E-008,  
2302.918,   4.3653E-008,  
2303.932,   4.4819E-008,  
2304.946,   4.6146E-008,  
2305.960,   5.1533E-008,  
2306.974,   5.2447E-008,  
2307.988,   6.4497E-008,  
2309.002,   6.9930E-008,  
2310.016,   7.6010E-008,  
2311.030,   7.7739E-008,  
2312.044,   8.3422E-008,  
2313.058,   8.8513E-008,  
2314.072,   9.2975E-008,  
2315.086,   1.0047E-007,  
2316.100,   1.0345E-007,  
2317.114,   1.0784E-007,  
2318.128,   1.1554E-007,  
2319.142,   1.2166E-007,  
2320.156,   1.2464E-007,  
2321.170,   1.2875E-007,  
2322.184,   1.4703E-007,  
2323.198,   1.4615E-007,  
2324.212,   1.5249E-007,  
2325.226,   1.5450E-007,  
2326.240,   1.6199E-007,  
2327.254,   1.6184E-007,  
2328.268,   1.6428E-007,  
2329.282,   1.7112E-007,  
2330.296,   1.7378E-007,  
2331.310,   1.7395E-007,  
2332.324,   1.7286E-007,  
2333.338,   1.7883E-007,  
2334.352,   1.7502E-007,  
2335.366,   1.7770E-007,  
2336.380,   1.8258E-007,  
2337.394,   1.8068E-007,  
2338.408,   1.8440E-007,  
2339.422,   1.8417E-007,  
2340.436,   1.8790E-007,  
2341.450,   1.9964E-007,  
2342.464,   1.9000E-007,  
2343.478,   1.9151E-007,  
2344.492,   1.8870E-007,  
2345.506,   1.8751E-007,  
2346.520,   1.9101E-007,  
2347.534,   1.8397E-007,  
2348.548,   1.9304E-007,  
2349.562,   1.9110E-007,  
2350.576,   1.9210E-007,  
2351.590,   1.8661E-007,  
2352.604,   1.9575E-007,  
2353.618,   2.0332E-007,  
2354.632,   1.8971E-007,  
2355.646,   1.9581E-007,  
2356.660,   1.9323E-007,  
2357.674,   1.9218E-007,  
2358.688,   1.8934E-007,  
2359.702,   1.8176E-007,  
2360.716,   1.9003E-007,  
2361.730,   1.8395E-007,  
2362.744,   1.9193E-007,  
2363.758,   1.8787E-007,  
2364.772,   1.9010E-007,  
2365.786,   1.8882E-007,  
2366.800,   1.8612E-007,  
2367.814,   1.7889E-007,  
2368.828,   1.9415E-007,  
2369.842,   1.7848E-007,  
2370.856,   1.8390E-007,  
2371.870,   1.8582E-007,  
2372.884,   1.8631E-007,  
2373.898,   1.7982E-007,  
2374.912,   1.7552E-007,  
2375.926,   1.7983E-007,  
2376.940,   1.8179E-007,  
2377.954,   1.7583E-007,  
2378.968,   1.7742E-007,  
2379.982,   1.8092E-007,  
2380.996,   1.7791E-007,  
2382.010,   1.7315E-007,  
2383.024,   1.7646E-007,  
2384.038,   1.7381E-007,  
2385.052,   1.8341E-007,  
2386.066,   1.6835E-007,  
2387.080,   1.7547E-007,  
2388.094,   1.7431E-007,  
2389.108,   1.7074E-007,  
2390.122,   1.7530E-007,  
2391.136,   1.6634E-007,  
2392.150,   1.7218E-007,  
2393.164,   1.6569E-007,  
2394.178,   1.6583E-007,  
2395.192,   1.6441E-007,  
2396.206,   1.7055E-007,  
2397.220,   1.6397E-007,  
2398.234,   1.6303E-007,  
2399.248,   1.6595E-007,  
2400.262,   1.6577E-007,  
2401.276,   1.5550E-007,  
2402.290,   1.6035E-007,  
2403.304,   1.6022E-007,  
2404.318,   1.6030E-007,  
2405.332,   1.5801E-007,  
2406.346,   1.5903E-007,  
2407.360,   1.5984E-007,  
2408.374,   1.5942E-007,  
2409.388,   1.5656E-007,  
2410.402,   1.5572E-007,  
2411.416,   1.5608E-007,  
2412.430,   1.5316E-007,  
2413.444,   1.5619E-007,  
2414.458,   1.5409E-007,  
2415.472,   1.5327E-007,  
2416.486,   1.5330E-007,  
2417.500,   1.5328E-007,  
2418.514,   1.5133E-007,  
2419.528,   1.5472E-007,  
2420.542,   1.5095E-007,  
2421.556,   1.4879E-007,  
2422.570,   1.5572E-007,  
